TAIR
AT1G01070
AT1G01110
AT1G01210
AT1G01350
AT1G01360
AT1G01540
AT1G01580
AT1G01630
AT1G01640
AT1G01650
AT1G01750
AT1G01920
AT1G01940
AT1G01960
AT1G01990
AT1G02080
AT1G02120
AT1G02145
AT1G02150
AT1G02170
AT1G02220
AT1G02270
AT1G02330
AT1G02335
AT1G02360
AT1G02410
AT1G02520
AT1G02560
AT1G02610
AT1G02680
AT1G02690
AT1G02880
AT1G02890
AT1G03030
AT1G03040
AT1G03060
AT1G03090
AT1G03110
AT1G03150
AT1G03280
AT1G03290
AT1G03350
AT1G03360
AT1G03380
AT1G03430
AT1G03475
AT1G03530
AT1G03687
AT1G03730
AT1G03740
AT1G03840
AT1G03970
AT1G04030
AT1G04047
AT1G04070
AT1G04120
AT1G04210
AT1G04260
AT1G04280
AT1G04300
AT1G04400
AT1G04440
AT1G04520
AT1G04530
AT1G04537
AT1G04590
AT1G04770
AT1G04780
AT1G04810
AT1G04860
AT1G04900
AT1G04910
AT1G04950
AT1G04960
AT1G04980
AT1G04985
AT1G05010
AT1G05055
AT1G05070
AT1G05147
AT1G05150
AT1G05170
AT1G05180
AT1G05210
AT1G05220
AT1G05270
AT1G05350
AT1G05360
AT1G05380
AT1G05430
AT1G05500
AT1G05520
AT1G05560
AT1G05562
AT1G05710
AT1G05780
AT1G05785
AT1G05805
AT1G05840
AT1G05860
AT1G05870
AT1G05890
AT1G05910
AT1G05940
AT1G05960
AT1G06010
AT1G06060
AT1G06070
AT1G06130
AT1G06190
AT1G06210
AT1G06290
AT1G06460
AT1G06470
AT1G06500
AT1G06530
AT1G06540
AT1G06550
AT1G06630
AT1G06670
AT1G06720
AT1G06850
AT1G06930
AT1G06950
AT1G06960
AT1G07040
AT1G07175
AT1G07230
AT1G07250
AT1G07260
AT1G07480
AT1G07510
AT1G07530
AT1G07640
AT1G07810
AT1G07840
AT1G07950
AT1G07970
AT1G07990
AT1G08010
AT1G08037
AT1G08125
AT1G08130
AT1G08160
AT1G08190
AT1G08210
AT1G08260
AT1G08350
AT1G08410
AT1G08420
AT1G08460
AT1G08477
AT1G08490
AT1G08500
AT1G08560
AT1G08600
AT1G08620
AT1G08640
AT1G08657
AT1G08680
AT1G08700
AT1G08750
AT1G08770
AT1G08845
AT1G08890
AT1G08920
AT1G08970
AT1G09010
AT1G09020
AT1G09100
AT1G09130
AT1G09280
AT1G09290
AT1G09580
AT1G09645
AT1G09730
AT1G09795
AT1G09815
AT1G09830
AT1G09870
AT1G09920
AT1G09927
AT1G09932
AT1G09980
AT1G10070
AT1G10130
AT1G10180
AT1G10210
AT1G10310
AT1G10380
AT1G10390
AT1G10410
AT1G10430
AT1G10470
AT1G10490
AT1G10570
AT1G10580
AT1G10600
AT1G10700
AT1G10720
AT1G10740
AT1G10850
AT1G10890
AT1G10900
AT1G10940
AT1G11000
AT1G11020
AT1G11185
AT1G11200
AT1G11430
AT1G11530
AT1G11592
AT1G11760
AT1G11905
AT1G11930
AT1G12050
AT1G12240
AT1G12360
AT1G12400
AT1G12500
AT1G12520
AT1G12530
AT1G12560
AT1G12580
AT1G12640
AT1G12680
AT1G12760
AT1G12780
AT1G12820
AT1G12830
AT1G12990
AT1G13000
AT1G13110
AT1G13120
AT1G13160
AT1G13195
AT1G13220
AT1G13245
AT1G13300
AT1G13390
AT1G13450
AT1G13530
AT1G13570
AT1G13640
AT1G13690
AT1G13750
AT1G13880
AT1G13960
AT1G13980
AT1G13990
AT1G14020
AT1G14060
AT1G14080
AT1G14170
AT1G14200
AT1G14230
AT1G14330
AT1G14360
AT1G14380
AT1G14410
AT1G14453
AT1G14650
AT1G14690
AT1G14710
AT1G14730
AT1G14740
AT1G14920
AT1G14990
AT1G15020
AT1G15030
AT1G15110
AT1G15130
AT1G15140
AT1G15170
AT1G15240
AT1G15280
AT1G15330
AT1G15390
AT1G15430
AT1G15440
AT1G15570
AT1G15630
AT1G15640
AT1G15660
AT1G15740
AT1G15800
AT1G15810
AT1G15860
AT1G15910
AT1G15940
AT1G15960
AT1G16010
AT1G16040
AT1G16190
AT1G16210
AT1G16270
AT1G16300
AT1G16340
AT1G16520
AT1G16570
AT1G16900
AT1G16916
AT1G16970
AT1G17060
AT1G17110
AT1G17120
AT1G17130
AT1G17147
AT1G17210
AT1G17285
AT1G17350
AT1G17410
AT1G17430
AT1G17455
AT1G17490
AT1G17500
AT1G17510
AT1G17520
AT1G17620
AT1G17690
AT1G17730
AT1G17745
AT1G17970
AT1G18100
AT1G18150
AT1G18160
AT1G18260
AT1G18270
AT1G18470
AT1G18480
AT1G18500
AT1G18580
AT1G18700
AT1G18840
AT1G18860
AT1G18890
AT1G18950
AT1G18970
AT1G18975
AT1G19110
AT1G19210
AT1G19240
AT1G19370
AT1G19440
AT1G19450
AT1G19520
AT1G19570
AT1G19580
AT1G19680
AT1G19730
AT1G19800
AT1G19850
AT1G19880
AT1G19968
AT1G20110
AT1G20140
AT1G20460
AT1G20490
AT1G20510
AT1G20540
AT1G20560
AT1G20610
AT1G20620
AT1G20630
AT1G20670
AT1G20770
AT1G20890
AT1G20920
AT1G20930
AT1G20980
AT1G21010
AT1G21050
AT1G21370
AT1G21380
AT1G21450
AT1G21560
AT1G21600
AT1G21660
AT1G21700
AT1G21710
AT1G21730
AT1G21740
AT1G21760
AT1G21830
AT1G21880
AT1G21980
AT1G22070
AT1G22280
AT1G22330
AT1G22400
AT1G22470
AT1G22510
AT1G22610
AT1G22620
AT1G22640
AT1G22770
AT1G22790
AT1G22910
AT1G22920
AT1G22930
AT1G22970
AT1G23030
AT1G23040
AT1G23050
AT1G23052
AT1G23080
AT1G23100
AT1G23120
AT1G23220
AT1G23310
AT1G23390
AT1G23480
AT1G23760
AT1G23780
AT1G23800
AT1G23850
AT1G23870
AT1G23900
AT1G24120
AT1G24160
AT1G24170
AT1G24190
AT1G24240
AT1G24267
AT1G24280
AT1G24440
AT1G24450
AT1G24460
AT1G24610
AT1G24625
AT1G24764
AT1G24793
AT1G25054
AT1G25055
AT1G25150
AT1G25175
AT1G25211
AT1G25380
AT1G25420
AT1G25500
AT1G25510
AT1G25530
AT1G25560
AT1G25682
AT1G26180
AT1G26300
AT1G26340
AT1G26440
AT1G26460
AT1G26640
AT1G26660
AT1G26690
AT1G26800
AT1G26830
AT1G26930
AT1G26940
AT1G26960
AT1G27050
AT1G27150
AT1G27190
AT1G27320
AT1G27385
AT1G27390
AT1G27470
AT1G27510
AT1G27520
AT1G27540
AT1G27600
AT1G27630
AT1G27695
AT1G27700
AT1G27760
AT1G27930
AT1G28060
AT1G28100
AT1G28110
AT1G28120
AT1G28130
AT1G28150
AT1G28260
AT1G28310
AT1G28340
AT1G28350
AT1G28410
AT1G28420
AT1G28490
AT1G28510
AT1G28680
AT1G28960
AT1G29020
AT1G29025
AT1G29040
AT1G29050
AT1G29060
AT1G29260
AT1G29290
AT1G29320
AT1G29357
AT1G29390
AT1G29400
AT1G29418
AT1G29520
AT1G29785
AT1G29790
AT1G29820
AT1G29880
AT1G29890
AT1G29940
AT1G29980
AT1G30000
AT1G30260
AT1G30300
AT1G30480
AT1G30550
AT1G30590
AT1G30650
AT1G30690
AT1G30720
AT1G30730
AT1G30910
AT1G31020
AT1G31160
AT1G31170
AT1G31300
AT1G31340
AT1G31420
AT1G31440
AT1G31600
AT1G31660
AT1G31730
AT1G31760
AT1G31830
AT1G31935
AT1G31940
AT1G32090
AT1G32100
AT1G32127
AT1G32190
AT1G32260
AT1G32310
AT1G32360
AT1G32370
AT1G32380
AT1G32410
AT1G32440
AT1G32490
AT1G32750
AT1G32928
AT1G32990
AT1G33050
AT1G33265
AT1G33360
AT1G33490
AT1G33590
AT1G33680
AT1G33700
AT1G33780
AT1G33810
AT1G33980
AT1G33990
AT1G34010
AT1G34020
AT1G34110
AT1G34130
AT1G34190
AT1G34220
AT1G34320
AT1G34350
AT1G34550
AT1G34630
AT1G35190
AT1G35220
AT1G35320
AT1G35430
AT1G35620
AT1G35670
AT1G36160
AT1G36370
AT1G36380
AT1G42440
AT1G42990
AT1G43560
AT1G43580
AT1G43690
AT1G43700
AT1G43850
AT1G43860
AT1G43900
AT1G43910
AT1G44170
AT1G44760
AT1G44810
AT1G44835
AT1G44900
AT1G44910
AT1G44960
AT1G45015
AT1G45050
AT1G45170
AT1G45332
AT1G45976
AT1G46554
AT1G46768
AT1G47210
AT1G47310
AT1G47380
AT1G47500
AT1G47530
AT1G47550
AT1G47570
AT1G47710
AT1G47840
AT1G48070
AT1G48110
AT1G48170
AT1G48210
AT1G48230
AT1G48240
AT1G48315
AT1G48320
AT1G48330
AT1G48380
AT1G48420
AT1G48450
AT1G48510
AT1G48550
AT1G48605
AT1G48610
AT1G48635
AT1G48650
AT1G48860
AT1G48900
AT1G48950
AT1G48970
AT1G49032
AT1G49050
AT1G49170
AT1G49470
AT1G49510
AT1G49590
AT1G49670
AT1G49720
AT1G49820
AT1G49850
AT1G49890
AT1G49950
AT1G50110
AT1G50120
AT1G50140
AT1G50320
AT1G50380
AT1G50410
AT1G50420
AT1G50500
AT1G50510
AT1G50560
AT1G50570
AT1G50600
AT1G50630
AT1G50940
AT1G51540
AT1G51570
AT1G51590
AT1G51630
AT1G51710
AT1G51760
AT1G52150
AT1G52245
AT1G52340
AT1G52347
AT1G52370
AT1G52420
AT1G52500
AT1G52730
AT1G52750
AT1G52905
AT1G53050
AT1G53170
AT1G53180
AT1G53280
AT1G53290
AT1G53300
AT1G53380
AT1G53400
AT1G53500
AT1G53570
AT1G53635
AT1G53645
AT1G53680
AT1G53710
AT1G53720
AT1G53780
AT1G53880
AT1G53920
AT1G54060
AT1G54090
AT1G54115
AT1G54120
AT1G54140
AT1G54170
AT1G54250
AT1G54370
AT1G54390
AT1G54490
AT1G54610
AT1G54770
AT1G54920
AT1G54990
AT1G55000
AT1G55080
AT1G55150
AT1G55205
AT1G55210
AT1G55340
AT1G55450
AT1G55490
AT1G55500
AT1G55530
AT1G55535
AT1G55680
AT1G55690
AT1G55730
AT1G55805
AT1G55860
AT1G55880
AT1G55900
AT1G56190
AT1G56210
AT1G56230
AT1G56290
AT1G56320
AT1G56430
AT1G56460
AT1G56570
AT1G56590
AT1G56720
AT1G57540
AT1G57610
AT1G57765
AT1G58025
AT1G58030
AT1G58060
AT1G58070
AT1G58100
AT1G58110
AT1G58230
AT1G58270
AT1G58280
AT1G58360
AT1G58440
AT1G58470
AT1G58684
AT1G59359
AT1G59590
AT1G59600
AT1G59650
AT1G59710
AT1G59830
AT1G60080
AT1G60170
AT1G60200
AT1G60420
AT1G60640
AT1G60650
AT1G60660
AT1G60810
AT1G60850
AT1G60860
AT1G60900
AT1G60960
AT1G61010
AT1G61040
AT1G61150
AT1G61590
AT1G61670
AT1G61690
AT1G61730
AT1G61740
AT1G61750
AT1G61840
AT1G61900
AT1G61990
AT1G62020
AT1G62040
AT1G62045
AT1G62330
AT1G62422
AT1G62430
AT1G62440
AT1G62510
AT1G62570
AT1G62770
AT1G62810
AT1G62850
AT1G62980
AT1G63050
AT1G63090
AT1G63120
AT1G63270
AT1G63300
AT1G63420
AT1G63470
AT1G63500
AT1G63640
AT1G63700
AT1G63720
AT1G63800
AT1G63850
AT1G63900
AT1G63970
AT1G64060
AT1G64110
AT1G64200
AT1G64280
AT1G64350
AT1G64385
AT1G64440
AT1G64460
AT1G64790
AT1G64920
AT1G64950
AT1G64990
AT1G65000
AT1G65020
AT1G65030
AT1G65032
AT1G65040
AT1G65260
AT1G65280
AT1G65370
AT1G65430
AT1G65520
AT1G65540
AT1G65580
AT1G65650
AT1G65660
AT1G65690
AT1G65700
AT1G65730
AT1G65840
AT1G65985
AT1G66070
AT1G66250
AT1G66430
AT1G66530
AT1G66590
AT1G66670
AT1G66760
AT1G67060
AT1G67080
AT1G67105
AT1G67120
AT1G67140
AT1G67280
AT1G67320
AT1G67325
AT1G67340
AT1G67550
AT1G67580
AT1G67620
AT1G67850
AT1G67920
AT1G67930
AT1G68070
AT1G68100
AT1G68130
AT1G68220
AT1G68230
AT1G68370
AT1G68410
AT1G68440
AT1G68450
AT1G68550
AT1G68580
AT1G68660
AT1G68670
AT1G68710
AT1G68720
AT1G68760
AT1G68810
AT1G68820
AT1G68825
AT1G68990
AT1G69010
AT1G69030
AT1G69070
AT1G69220
AT1G69250
AT1G69252
AT1G69330
AT1G69340
AT1G69390
AT1G69420
AT1G69450
AT1G69490
AT1G69520
AT1G69530
AT1G69740
AT1G69770
AT1G69810
AT1G69840
AT1G69930
AT1G69960
AT1G69980
AT1G70060
AT1G70090
AT1G70150
AT1G70180
AT1G70210
AT1G70280
AT1G70300
AT1G70320
AT1G70330
AT1G70340
AT1G70370
AT1G70420
AT1G70480
AT1G70530
AT1G70570
AT1G70620
AT1G70670
AT1G70690
AT1G70730
AT1G70810
AT1G70940
AT1G71020
AT1G71080
AT1G71220
AT1G71230
AT1G71270
AT1G71350
AT1G71400
AT1G71410
AT1G71430
AT1G71695
AT1G71696
AT1G71740
AT1G71800
AT1G71820
AT1G71830
AT1G71865
AT1G71880
AT1G71900
AT1G71940
AT1G71980
AT1G72010
AT1G72090
AT1G72160
AT1G72175
AT1G72210
AT1G72230
AT1G72310
AT1G72320
AT1G72340
AT1G72410
AT1G72416
AT1G72430
AT1G72440
AT1G72470
AT1G72480
AT1G72490
AT1G72630
AT1G72700
AT1G72740
AT1G72770
AT1G72790
AT1G72840
AT1G72852
AT1G72880
AT1G72920
AT1G72930
AT1G72940
AT1G73250
AT1G73350
AT1G73430
AT1G73590
AT1G73655
AT1G73790
AT1G73805
AT1G73820
AT1G73920
AT1G73930
AT1G74020
AT1G74090
AT1G74160
AT1G74210
AT1G74260
AT1G74450
AT1G74720
AT1G74940
AT1G74950
AT1G74970
AT1G75020
AT1G75080
AT1G75130
AT1G75140
AT1G75170
AT1G75210
AT1G75280
AT1G75340
AT1G75400
AT1G75410
AT1G75580
AT1G75670
AT1G75710
AT1G75760
AT1G75785
AT1G75850
AT1G75860
AT1G75945
AT1G75980
AT1G75990
AT1G76140
AT1G76260
AT1G76310
AT1G76340
AT1G76380
AT1G76405
AT1G76460
AT1G76500
AT1G76550
AT1G76640
AT1G76650
AT1G76660
AT1G76700
AT1G76760
AT1G76850
AT1G76878
AT1G76880
AT1G76900
AT1G76920
AT1G76940
AT1G76980
AT1G77030
AT1G77080
AT1G77130
AT1G77220
AT1G77300
AT1G77380
AT1G77420
AT1G77470
AT1G77510
AT1G77550
AT1G77580
AT1G77590
AT1G77640
AT1G77670
AT1G77750
AT1G77920
AT1G78100
AT1G78240
AT1G78260
AT1G78420
AT1G78610
AT1G78620
AT1G78630
AT1G78680
AT1G78800
AT1G78830
AT1G78895
AT1G79000
AT1G79060
AT1G79070
AT1G79180
AT1G79200
AT1G79260
AT1G79270
AT1G79380
AT1G79430
AT1G79450
AT1G79500
AT1G79529
AT1G79690
AT1G79710
AT1G79730
AT1G79820
AT1G79850
AT1G79870
AT1G79880
AT1G79920
AT1G79970
AT1G80000
AT1G80050
AT1G80260
AT1G80270
AT1G80290
AT1G80310
AT1G80350
AT1G80370
AT1G80420
AT1G80440
AT1G80480
AT1G80490
AT1G80560
AT1G80600
AT1G80610
AT1G80620
AT1G80680
AT1G80690
AT1G80700
AT1G80720
AT1G80890
AT1G80910
AT1G80940
AT1G80950
AT2G01010
AT2G01070
AT2G01090
AT2G01150
AT2G01190
AT2G01220
AT2G01430
AT2G01505
AT2G01630
AT2G01640
AT2G01650
AT2G01680
AT2G01690
AT2G01710
AT2G01735
AT2G01820
AT2G01830
AT2G01850
AT2G01910
AT2G02090
AT2G02180
AT2G02370
AT2G02480
AT2G02560
AT2G02570
AT2G02610
AT2G02630
AT2G02680
AT2G02740
AT2G02780
AT2G02790
AT2G02800
AT2G02820
AT2G02850
AT2G02930
AT2G02970
AT2G03070
AT2G03150
AT2G03220
AT2G03350
AT2G03470
AT2G03780
AT2G04025
AT2G04100
AT2G04360
AT2G04550
AT2G04880
AT2G04940
AT2G05230
AT2G05250
AT2G05260
AT2G05330
AT2G05380
AT2G05830
AT2G06010
AT2G06025
AT2G06210
AT2G06925
AT2G06990
AT2G07175
AT2G07360
AT2G07690
AT2G07725
AT2G08780
AT2G09225
AT2G09785
AT2G09795
AT2G12400
AT2G13100
AT2G13540
AT2G13550
AT2G14045
AT2G14120
AT2G14210
AT2G14255
AT2G14260
AT2G14740
AT2G14750
AT2G14820
AT2G14825
AT2G14880
AT2G15000
AT2G15230
AT2G15270
AT2G15290
AT2G15292
AT2G15320
AT2G15430
AT2G15830
AT2G15860
AT2G15880
AT2G16280
AT2G16370
AT2G16460
AT2G16485
AT2G16530
AT2G16595
AT2G16640
AT2G16700
AT2G16790
AT2G16800
AT2G16900
AT2G16950
AT2G17020
AT2G17070
AT2G17120
AT2G17190
AT2G17230
AT2G17240
AT2G17250
AT2G17265
AT2G17280
AT2G17290
AT2G17320
AT2G17340
AT2G17370
AT2G17410
AT2G17510
AT2G17520
AT2G17530
AT2G17540
AT2G17570
AT2G17630
AT2G17640
AT2G17705
AT2G17790
AT2G17840
AT2G17930
AT2G17980
AT2G17990
AT2G18050
AT2G18090
AT2G18170
AT2G18193
AT2G18196
AT2G18220
AT2G18230
AT2G18250
AT2G18330
AT2G18360
AT2G18380
AT2G18510
AT2G18630
AT2G18700
AT2G18710
AT2G18730
AT2G18735
AT2G18770
AT2G18840
AT2G18876
AT2G18900
AT2G18910
AT2G18990
AT2G19160
AT2G19180
AT2G19340
AT2G19350
AT2G19385
AT2G19430
AT2G19450
AT2G19460
AT2G19470
AT2G19560
AT2G19570
AT2G19572
AT2G19590
AT2G19600
AT2G19640
AT2G19670
AT2G19680
AT2G19880
AT2G19940
AT2G19950
AT2G20000
AT2G20190
AT2G20330
AT2G20370
AT2G20390
AT2G20562
AT2G20610
AT2G20670
AT2G20750
AT2G20780
AT2G20790
AT2G20840
AT2G20920
AT2G20940
AT2G20960
AT2G21120
AT2G21130
AT2G21150
AT2G21180
AT2G21195
AT2G21240
AT2G21270
AT2G21300
AT2G21340
AT2G21380
AT2G21410
AT2G21440
AT2G21470
AT2G21500
AT2G21790
AT2G21850
AT2G21950
AT2G21970
AT2G22000
AT2G22090
AT2G22120
AT2G22250
AT2G22300
AT2G22370
AT2G22420
AT2G22450
AT2G22475
AT2G22480
AT2G22500
AT2G22540
AT2G22570
AT2G22630
AT2G22660
AT2G22720
AT2G22840
AT2G22880
AT2G22900
AT2G22970
AT2G23050
AT2G23080
AT2G23370
AT2G23380
AT2G23420
AT2G23790
AT2G23820
AT2G23980
AT2G24040
AT2G24060
AT2G24100
AT2G24170
AT2G24180
AT2G24240
AT2G24280
AT2G24290
AT2G24300
AT2G24420
AT2G24490
AT2G24590
AT2G24640
AT2G24755
AT2G24990
AT2G25170
AT2G25180
AT2G25260
AT2G25460
AT2G25480
AT2G25510
AT2G25650
AT2G25660
AT2G25730
AT2G25790
AT2G25880
AT2G25950
AT2G25964
AT2G26060
AT2G26110
AT2G26140
AT2G26170
AT2G26190
AT2G26210
AT2G26260
AT2G26430
AT2G26460
AT2G26510
AT2G26570
AT2G26600
AT2G26640
AT2G26650
AT2G26680
AT2G26700
AT2G26710
AT2G26760
AT2G26780
AT2G26800
AT2G26860
AT2G26980
AT2G26990
AT2G27000
AT2G27010
AT2G27040
AT2G27130
AT2G27285
AT2G27350
AT2G27370
AT2G27400
AT2G27470
AT2G27500
AT2G27550
AT2G27580
AT2G27590
AT2G27740
AT2G27775
AT2G27900
AT2G27970
AT2G28060
AT2G28070
AT2G28080
AT2G28110
AT2G28230
AT2G28330
AT2G28370
AT2G28390
AT2G28520
AT2G28660
AT2G28670
AT2G28671
AT2G28720
AT2G28800
AT2G28810
AT2G28890
AT2G29050
AT2G29080
AT2G29125
AT2G29200
AT2G29210
AT2G29440
AT2G29480
AT2G29510
AT2G29560
AT2G29570
AT2G29690
AT2G29750
AT2G30000
AT2G30060
AT2G30105
AT2G30110
AT2G30130
AT2G30160
AT2G30210
AT2G30250
AT2G30270
AT2G30340
AT2G30360
AT2G30400
AT2G30530
AT2G30550
AT2G30590
AT2G30600
AT2G30710
AT2G30740
AT2G30766
AT2G30780
AT2G30880
AT2G30990
AT2G31060
AT2G31085
AT2G31140
AT2G31200
AT2G31305
AT2G31370
AT2G31400
AT2G31440
AT2G31510
AT2G31660
AT2G31710
AT2G31740
AT2G31800
AT2G31880
AT2G31890
AT2G31945
AT2G31960
AT2G32080
AT2G32170
AT2G32190
AT2G32220
AT2G32280
AT2G32440
AT2G32560
AT2G32580
AT2G32600
AT2G32650
AT2G32710
AT2G32850
AT2G32900
AT2G32910
AT2G32980
AT2G33210
AT2G33310
AT2G33390
AT2G33400
AT2G33450
AT2G33510
AT2G33580
AT2G33585
AT2G33600
AT2G33710
AT2G33800
AT2G33845
AT2G33990
AT2G34050
AT2G34070
AT2G34170
AT2G34190
AT2G34260
AT2G34357
AT2G34410
AT2G34570
AT2G34630
AT2G34650
AT2G34660
AT2G34680
AT2G34710
AT2G34720
AT2G34730
AT2G34970
AT2G35010
AT2G35190
AT2G35270
AT2G35320
AT2G35470
AT2G35510
AT2G35620
AT2G35630
AT2G35730
AT2G35780
AT2G35860
AT2G35880
AT2G35900
AT2G35910
AT2G35920
AT2G35940
AT2G36070
AT2G36240
AT2G36250
AT2G36300
AT2G36307
AT2G36350
AT2G36420
AT2G36460
AT2G36470
AT2G36680
AT2G36690
AT2G36740
AT2G36835
AT2G36850
AT2G36895
AT2G37020
AT2G37060
AT2G37200
AT2G37220
AT2G37230
AT2G37400
AT2G37500
AT2G37555
AT2G37570
AT2G37620
AT2G37690
AT2G37790
AT2G37940
AT2G38090
AT2G38270
AT2G38280
AT2G38360
AT2G38380
AT2G38410
AT2G38440
AT2G38450
AT2G38560
AT2G38580
AT2G38620
AT2G38640
AT2G38650
AT2G38730
AT2G38740
AT2G38840
AT2G38870
AT2G38880
AT2G38940
AT2G39000
AT2G39110
AT2G39130
AT2G39260
AT2G39270
AT2G39300
AT2G39340
AT2G39350
AT2G39380
AT2G39400
AT2G39410
AT2G39420
AT2G39450
AT2G39500
AT2G39550
AT2G39580
AT2G39630
AT2G39650
AT2G39660
AT2G39700
AT2G39705
AT2G39725
AT2G39760
AT2G39795
AT2G39805
AT2G39810
AT2G39940
AT2G40010
AT2G40070
AT2G40085
AT2G40190
AT2G40270
AT2G40316
AT2G40410
AT2G40475
AT2G40490
AT2G40530
AT2G40550
AT2G40700
AT2G40760
AT2G40800
AT2G40820
AT2G40830
AT2G40840
AT2G40935
AT2G40950
AT2G40980
AT2G41070
AT2G41130
AT2G41220
AT2G41250
AT2G41310
AT2G41560
AT2G41620
AT2G41630
AT2G41710
AT2G41740
AT2G41760
AT2G41790
AT2G41945
AT2G41960
AT2G42030
AT2G42060
AT2G42120
AT2G42160
AT2G42190
AT2G42230
AT2G42240
AT2G42400
AT2G42490
AT2G42710
AT2G42770
AT2G42790
AT2G42880
AT2G43030
AT2G43070
AT2G43080
AT2G43110
AT2G43130
AT2G43210
AT2G43340
AT2G43420
AT2G43540
AT2G43570
AT2G43590
AT2G43630
AT2G43950
AT2G43980
AT2G44040
AT2G44080
AT2G44090
AT2G44140
AT2G44200
AT2G44270
AT2G44310
AT2G44410
AT2G44430
AT2G44450
AT2G44525
AT2G44530
AT2G44640
AT2G44660
AT2G44680
AT2G44740
AT2G44770
AT2G44820
AT2G44840
AT2G44870
AT2G44970
AT2G45000
AT2G45030
AT2G45060
AT2G45160
AT2G45210
AT2G45220
AT2G45240
AT2G45245
AT2G45250
AT2G45300
AT2G45330
AT2G45340
AT2G45360
AT2G45380
AT2G45400
AT2G45440
AT2G45510
AT2G45540
AT2G45620
AT2G45695
AT2G45730
AT2G45810
AT2G45830
AT2G45990
AT2G46000
AT2G46080
AT2G46200
AT2G46260
AT2G46270
AT2G46410
AT2G46500
AT2G46520
AT2G46550
AT2G46580
AT2G46690
AT2G46740
AT2G46750
AT2G46890
AT2G46920
AT2G46930
AT2G47020
AT2G47070
AT2G47200
AT2G47250
AT2G47390
AT2G47490
AT2G47500
AT2G47620
AT2G47760
AT2G47790
AT2G47840
AT2G47850
AT2G47890
AT2G47930
AT2G47940
AT2G47970
AT2G47980
AT2G48010
AT2G48070
AT2G48140
AT2G48160
AT3G01040
AT3G01050
AT3G01150
AT3G01160
AT3G01300
AT3G01310
AT3G01360
AT3G01380
AT3G01400
AT3G01435
AT3G01516
AT3G01590
AT3G01640
AT3G01650
AT3G01720
AT3G01780
AT3G01820
AT3G01860
AT3G01970
AT3G02030
AT3G02070
AT3G02170
AT3G02300
AT3G02550
AT3G02555
AT3G02570
AT3G02600
AT3G02630
AT3G02650
AT3G02740
AT3G02750
AT3G02800
AT3G02820
AT3G02860
AT3G02875
AT3G02880
AT3G02950
AT3G03010
AT3G03050
AT3G03120
AT3G03130
AT3G03180
AT3G03220
AT3G03280
AT3G03310
AT3G03320
AT3G03330
AT3G03340
AT3G03420
AT3G03490
AT3G03550
AT3G03570
AT3G03600
AT3G03690
AT3G03740
AT3G03773
AT3G03780
AT3G03810
AT3G03860
AT3G03870
AT3G03880
AT3G03890
AT3G03940
AT3G03950
AT3G04080
AT3G04230
AT3G04240
AT3G04350
AT3G04480
AT3G04600
AT3G04610
AT3G04615
AT3G04680
AT3G04710
AT3G04740
AT3G04770
AT3G04810
AT3G04930
AT3G04940
AT3G05010
AT3G05040
AT3G05050
AT3G05070
AT3G05090
AT3G05100
AT3G05120
AT3G05150
AT3G05220
AT3G05250
AT3G05290
AT3G05420
AT3G05520
AT3G05545
AT3G05570
AT3G05670
AT3G05710
AT3G05937
AT3G05970
AT3G05990
AT3G06035
AT3G06110
AT3G06125
AT3G06170
AT3G06240
AT3G06325
AT3G06330
AT3G06380
AT3G06400
AT3G06435
AT3G06450
AT3G06530
AT3G06540
AT3G06550
AT3G06590
AT3G06670
AT3G06740
AT3G06750
AT3G06778
AT3G06820
AT3G06840
AT3G06860
AT3G06868
AT3G06930
AT3G06960
AT3G07020
AT3G07140
AT3G07160
AT3G07180
AT3G07220
AT3G07300
AT3G07310
AT3G07320
AT3G07340
AT3G07390
AT3G07410
AT3G07440
AT3G07510
AT3G07555
AT3G07565
AT3G07580
AT3G07590
AT3G07630
AT3G07640
AT3G07650
AT3G07800
AT3G07890
AT3G08040
AT3G08510
AT3G08640
AT3G08670
AT3G08740
AT3G08760
AT3G08780
AT3G08943
AT3G09000
AT3G09035
AT3G09090
AT3G09100
AT3G09320
AT3G09570
AT3G09690
AT3G09700
AT3G09720
AT3G09770
AT3G09795
AT3G09810
AT3G09850
AT3G09890
AT3G10030
AT3G10050
AT3G10210
AT3G10230
AT3G10260
AT3G10300
AT3G10330
AT3G10340
AT3G10380
AT3G10480
AT3G10490
AT3G10500
AT3G10520
AT3G10620
AT3G10640
AT3G10650
AT3G10720
AT3G10810
AT3G10915
AT3G10940
AT3G10980
AT3G11070
AT3G11100
AT3G11170
AT3G11220
AT3G11230
AT3G11270
AT3G11280
AT3G11330
AT3G11397
AT3G11410
AT3G11420
AT3G11520
AT3G11530
AT3G11540
AT3G11550
AT3G11650
AT3G11660
AT3G11690
AT3G11700
AT3G11770
AT3G11810
AT3G11820
AT3G11945
AT3G11964
AT3G12010
AT3G12090
AT3G12140
AT3G12230
AT3G12240
AT3G12280
AT3G12300
AT3G12340
AT3G12360
AT3G12370
AT3G12400
AT3G12560
AT3G12620
AT3G12650
AT3G12670
AT3G12680
AT3G12700
AT3G12710
AT3G12780
AT3G12860
AT3G12870
AT3G12950
AT3G12970
AT3G12977
AT3G12980
AT3G13040
AT3G13060
AT3G13070
AT3G13080
AT3G13120
AT3G13160
AT3G13222
AT3G13224
AT3G13235
AT3G13320
AT3G13330
AT3G13350
AT3G13360
AT3G13470
AT3G13490
AT3G13550
AT3G13560
AT3G13610
AT3G13650
AT3G13670
AT3G13700
AT3G13750
AT3G13760
AT3G13860
AT3G13910
AT3G13940
AT3G13990
AT3G14000
AT3G14060
AT3G14067
AT3G14080
AT3G14110
AT3G14180
AT3G14190
AT3G14240
AT3G14350
AT3G14400
AT3G14410
AT3G14415
AT3G14610
AT3G14660
AT3G14720
AT3G14790
AT3G14830
AT3G14860
AT3G14930
AT3G14960
AT3G15010
AT3G15020
AT3G15070
AT3G15080
AT3G15095
AT3G15120
AT3G15190
AT3G15290
AT3G15300
AT3G15351
AT3G15352
AT3G15360
AT3G15380
AT3G15395
AT3G15430
AT3G15460
AT3G15530
AT3G15590
AT3G15610
AT3G15680
AT3G15690
AT3G15920
AT3G15940
AT3G15970
AT3G15980
AT3G16050
AT3G16060
AT3G16180
AT3G16190
AT3G16200
AT3G16230
AT3G16270
AT3G16340
AT3G16350
AT3G16440
AT3G16500
AT3G16565
AT3G16570
AT3G16630
AT3G16720
AT3G16740
AT3G16760
AT3G16800
AT3G16910
AT3G16920
AT3G16990
AT3G17000
AT3G17090
AT3G17120
AT3G17310
AT3G17365
AT3G17420
AT3G17430
AT3G17510
AT3G17590
AT3G17650
AT3G17770
AT3G17790
AT3G17800
AT3G17840
AT3G17860
AT3G17880
AT3G17900
AT3G17910
AT3G18030
AT3G18040
AT3G18165
AT3G18210
AT3G18240
AT3G18250
AT3G18290
AT3G18380
AT3G18480
AT3G18490
AT3G18520
AT3G18680
AT3G18690
AT3G18790
AT3G18860
AT3G18940
AT3G18960
AT3G18980
AT3G19010
AT3G19120
AT3G19240
AT3G19290
AT3G19340
AT3G19430
AT3G19460
AT3G19490
AT3G19515
AT3G19540
AT3G19580
AT3G19590
AT3G19615
AT3G19630
AT3G19640
AT3G19680
AT3G19740
AT3G19790
AT3G19950
AT3G20015
AT3G20020
AT3G20130
AT3G20230
AT3G20260
AT3G20290
AT3G20310
AT3G20330
AT3G20360
AT3G20410
AT3G20500
AT3G20550
AT3G20590
AT3G20630
AT3G20640
AT3G20660
AT3G20740
AT3G20800
AT3G20840
AT3G20870
AT3G20920
AT3G20970
AT3G21110
AT3G21160
AT3G21175
AT3G21190
AT3G21220
AT3G21240
AT3G21250
AT3G21351
AT3G21430
AT3G21465
AT3G21550
AT3G21640
AT3G21680
AT3G22160
AT3G22170
AT3G22310
AT3G22415
AT3G22425
AT3G22565
AT3G22590
AT3G22780
AT3G22790
AT3G22930
AT3G22990
AT3G23050
AT3G23090
AT3G23100
AT3G23170
AT3G23300
AT3G23325
AT3G23570
AT3G23590
AT3G23630
AT3G23640
AT3G23660
AT3G23750
AT3G23780
AT3G23890
AT3G23910
AT3G23920
AT3G23980
AT3G24020
AT3G24120
AT3G24180
AT3G24200
AT3G24315
AT3G24350
AT3G24490
AT3G24518
AT3G24520
AT3G24530
AT3G24570
AT3G24660
AT3G24730
AT3G25070
AT3G25110
AT3G25120
AT3G25290
AT3G25470
AT3G25500
AT3G25545
AT3G25580
AT3G25600
AT3G25730
AT3G25900
AT3G25940
AT3G25980
AT3G26000
AT3G26090
AT3G26100
AT3G26340
AT3G26360
AT3G26370
AT3G26410
AT3G26440
AT3G26560
AT3G26590
AT3G26618
AT3G26640
AT3G26670
AT3G26720
AT3G26730
AT3G26770
AT3G26900
AT3G27030
AT3G27050
AT3G27070
AT3G27100
AT3G27200
AT3G27210
AT3G27260
AT3G27325
AT3G27340
AT3G27390
AT3G27530
AT3G27560
AT3G27570
AT3G27750
AT3G27820
AT3G27830
AT3G27850
AT3G27906
AT3G27950
AT3G27990
AT3G28180
AT3G28200
AT3G28345
AT3G28480
AT3G28670
AT3G28690
AT3G28720
AT3G28730
AT3G28970
AT3G29035
AT3G29090
AT3G29130
AT3G29160
AT3G29170
AT3G29200
AT3G29270
AT3G29310
AT3G29320
AT3G29390
AT3G29575
AT3G29810
AT3G30775
AT3G32930
AT3G32940
AT3G33520
AT3G33530
AT3G42170
AT3G42950
AT3G43230
AT3G43240
AT3G43440
AT3G43520
AT3G43590
AT3G44050
AT3G44200
AT3G44260
AT3G44280
AT3G44340
AT3G44430
AT3G44600
AT3G44720
AT3G45040
AT3G45090
AT3G45100
AT3G45190
AT3G45700
AT3G45730
AT3G45770
AT3G45780
AT3G46180
AT3G46460
AT3G46500
AT3G46510
AT3G46550
AT3G46590
AT3G46740
AT3G46820
AT3G46940
AT3G47000
AT3G47200
AT3G47470
AT3G47480
AT3G47490
AT3G47550
AT3G47590
AT3G47610
AT3G47620
AT3G47640
AT3G47670
AT3G47730
AT3G47850
AT3G47890
AT3G47910
AT3G47930
AT3G47965
AT3G47980
AT3G47990
AT3G48050
AT3G48070
AT3G48090
AT3G48180
AT3G48185
AT3G48210
AT3G48330
AT3G48570
AT3G48670
AT3G48710
AT3G48760
AT3G48780
AT3G48820
AT3G48860
AT3G48880
AT3G48970
AT3G49080
AT3G49220
AT3G49250
AT3G49350
AT3G49360
AT3G49390
AT3G49490
AT3G49560
AT3G49630
AT3G49640
AT3G49800
AT3G49860
AT3G49990
AT3G50140
AT3G50190
AT3G50210
AT3G50480
AT3G50520
AT3G50590
AT3G50620
AT3G50660
AT3G50690
AT3G50740
AT3G50780
AT3G50800
AT3G50830
AT3G50870
AT3G50880
AT3G50910
AT3G50920
AT3G50950
AT3G50960
AT3G51000
AT3G51030
AT3G51040
AT3G51050
AT3G51130
AT3G51140
AT3G51280
AT3G51310
AT3G51330
AT3G51390
AT3G51430
AT3G51440
AT3G51460
AT3G51500
AT3G51580
AT3G51600
AT3G51642
AT3G51720
AT3G51740
AT3G51770
AT3G51890
AT3G51980
AT3G52105
AT3G52110
AT3G52120
AT3G52150
AT3G52170
AT3G52190
AT3G52240
AT3G52280
AT3G52290
AT3G52400
AT3G52420
AT3G52430
AT3G52450
AT3G52480
AT3G52490
AT3G52640
AT3G52660
AT3G52748
AT3G52760
AT3G52860
AT3G52870
AT3G52890
AT3G52910
AT3G52940
AT3G53120
AT3G53160
AT3G53180
AT3G53340
AT3G53650
AT3G53710
AT3G53850
AT3G53900
AT3G54030
AT3G54170
AT3G54210
AT3G54250
AT3G54290
AT3G54320
AT3G54350
AT3G54360
AT3G54380
AT3G54420
AT3G54540
AT3G54690
AT3G54740
AT3G54750
AT3G54826
AT3G54860
AT3G54900
AT3G54910
AT3G55000
AT3G55005
AT3G55010
AT3G55020
AT3G55140
AT3G55200
AT3G55260
AT3G55340
AT3G55420
AT3G55450
AT3G55510
AT3G55560
AT3G55600
AT3G55605
AT3G55840
AT3G55880
AT3G55920
AT3G55960
AT3G56110
AT3G56170
AT3G56210
AT3G56720
AT3G56740
AT3G56750
AT3G56850
AT3G56910
AT3G56930
AT3G56970
AT3G56990
AT3G57000
AT3G57040
AT3G57070
AT3G57080
AT3G57090
AT3G57170
AT3G57230
AT3G57300
AT3G57320
AT3G57340
AT3G57410
AT3G57470
AT3G57560
AT3G57860
AT3G58040
AT3G58100
AT3G58130
AT3G58140
AT3G58180
AT3G58220
AT3G58470
AT3G58490
AT3G58510
AT3G58560
AT3G58580
AT3G58600
AT3G58640
AT3G58660
AT3G58670
AT3G58710
AT3G58810
AT3G58840
AT3G59020
AT3G59090
AT3G59110
AT3G59210
AT3G59300
AT3G59360
AT3G59500
AT3G59660
AT3G59670
AT3G59690
AT3G59765
AT3G59770
AT3G59800
AT3G59840
AT3G59890
AT3G59910
AT3G59950
AT3G59980
AT3G60030
AT3G60130
AT3G60140
AT3G60260
AT3G60320
AT3G60370
AT3G60440
AT3G60480
AT3G60500
AT3G60630
AT3G60640
AT3G60800
AT3G60830
AT3G60860
AT3G60880
AT3G61050
AT3G61100
AT3G61140
AT3G61180
AT3G61270
AT3G61460
AT3G61540
AT3G61680
AT3G61790
AT3G61850
AT3G61980
AT3G62030
AT3G62040
AT3G62140
AT3G62190
AT3G62240
AT3G62270
AT3G62280
AT3G62310
AT3G62330
AT3G62370
AT3G62450
AT3G62560
AT3G62570
AT3G62630
AT3G62660
AT3G62700
AT3G62720
AT3G62770
AT3G62810
AT3G62860
AT3G62880
AT3G62900
AT3G62920
AT3G62940
AT3G62970
AT3G63000
AT3G63010
AT3G63030
AT3G63120
AT3G63150
AT3G63170
AT3G63200
AT3G63240
AT3G63260
AT3G63390
AT3G63430
AT3G63500
AT3G63520
AT3G66658
AT4G00026
AT4G00090
AT4G00110
AT4G00150
AT4G00200
AT4G00238
AT4G00270
AT4G00300
AT4G00420
AT4G00440
AT4G00450
AT4G00620
AT4G00630
AT4G00752
AT4G00755
AT4G00840
AT4G00895
AT4G00910
AT4G00990
AT4G01040
AT4G01070
AT4G01120
AT4G01140
AT4G01150
AT4G01280
AT4G01310
AT4G01350
AT4G01395
AT4G01430
AT4G01450
AT4G01590
AT4G01630
AT4G01710
AT4G01770
AT4G01810
AT4G01860
AT4G01870
AT4G01897
AT4G01900
AT4G01940
AT4G02010
AT4G02060
AT4G02100
AT4G02150
AT4G02200
AT4G02220
AT4G02270
AT4G02340
AT4G02350
AT4G02400
AT4G02405
AT4G02440
AT4G02600
AT4G02610
AT4G02640
AT4G02720
AT4G02740
AT4G02800
AT4G02860
AT4G02940
AT4G02980
AT4G03020
AT4G03110
AT4G03120
AT4G03180
AT4G03240
AT4G03260
AT4G03320
AT4G03390
AT4G03415
AT4G03420
AT4G03430
AT4G04210
AT4G04610
AT4G04630
AT4G04720
AT4G04745
AT4G04780
AT4G04860
AT4G04950
AT4G04955
AT4G04972
AT4G05000
AT4G05020
AT4G05060
AT4G05160
AT4G05190
AT4G05200
AT4G05390
AT4G05400
AT4G05420
AT4G05460
AT4G05590
AT4G06599
AT4G06746
AT4G07410
AT4G07855
AT4G07950
AT4G08290
AT4G08320
AT4G08330
AT4G08350
AT4G08400
AT4G08580
AT4G08690
AT4G08810
AT4G08850
AT4G08920
AT4G08960
AT4G09020
AT4G09140
AT4G09160
AT4G09180
AT4G09200
AT4G09310
AT4G09460
AT4G09580
AT4G09620
AT4G09630
AT4G09695
AT4G09720
AT4G09760
AT4G10050
AT4G10080
AT4G10110
AT4G10140
AT4G10180
AT4G10280
AT4G10300
AT4G10330
AT4G10360
AT4G10610
AT4G10640
AT4G10710
AT4G10750
AT4G10790
AT4G10810
AT4G10890
AT4G10970
AT4G11060
AT4G11080
AT4G11280
AT4G11790
AT4G11830
AT4G11850
AT4G12060
AT4G12090
AT4G12230
AT4G12390
AT4G12545
AT4G12550
AT4G12710
AT4G12760
AT4G12780
AT4G13020
AT4G13030
AT4G13050
AT4G13200
AT4G13235
AT4G13300
AT4G13310
AT4G13350
AT4G13360
AT4G13390
AT4G13395
AT4G13505
AT4G13510
AT4G13530
AT4G13590
AT4G13620
AT4G13640
AT4G13830
AT4G14020
AT4G14040
AT4G14145
AT4G14147
AT4G14300
AT4G14342
AT4G14360
AT4G14385
AT4G14430
AT4G14455
AT4G14465
AT4G14510
AT4G14548
AT4G14550
AT4G14560
AT4G14570
AT4G14580
AT4G14600
AT4G14720
AT4G14770
AT4G14905
AT4G14910
AT4G14950
AT4G14965
AT4G14990
AT4G15010
AT4G15030
AT4G15080
AT4G15093
AT4G15180
AT4G15393
AT4G15410
AT4G15415
AT4G15520
AT4G15545
AT4G15550
AT4G15560
AT4G15640
AT4G15790
AT4G15800
AT4G15830
AT4G15920
AT4G15930
AT4G15940
AT4G16140
AT4G16150
AT4G16155
AT4G16180
AT4G16210
AT4G16265
AT4G16330
AT4G16340
AT4G16430
AT4G16444
AT4G16447
AT4G16480
AT4G16510
AT4G16563
AT4G16630
AT4G16710
AT4G17010
AT4G17040
AT4G17050
AT4G17085
AT4G17098
AT4G17100
AT4G17140
AT4G17150
AT4G17230
AT4G17260
AT4G17330
AT4G17420
AT4G17486
AT4G17620
AT4G17650
AT4G17830
AT4G18060
AT4G18140
AT4G18230
AT4G18360
AT4G18400
AT4G18580
AT4G18590
AT4G18593
AT4G18600
AT4G18700
AT4G18760
AT4G18800
AT4G18890
AT4G18905
AT4G18910
AT4G18950
AT4G19003
AT4G19120
AT4G19140
AT4G19150
AT4G19185
AT4G19350
AT4G19390
AT4G19490
AT4G19540
AT4G19670
AT4G19710
AT4G19860
AT4G20000
AT4G20020
AT4G20110
AT4G20170
AT4G20270
AT4G20280
AT4G20300
AT4G20330
AT4G20360
AT4G20390
AT4G20400
AT4G20410
AT4G20835
AT4G20860
AT4G21090
AT4G21160
AT4G21215
AT4G21410
AT4G21460
AT4G21470
AT4G21510
AT4G21540
AT4G21560
AT4G21610
AT4G21680
AT4G22130
AT4G22140
AT4G22150
AT4G22233
AT4G22240
AT4G22260
AT4G22285
AT4G22305
AT4G22320
AT4G22340
AT4G22360
AT4G22530
AT4G22550
AT4G22666
AT4G22720
AT4G22740
AT4G22756
AT4G23050
AT4G23270
AT4G23410
AT4G23430
AT4G23460
AT4G23620
AT4G23640
AT4G23740
AT4G23810
AT4G23840
AT4G23860
AT4G23870
AT4G23895
AT4G23910
AT4G24026
AT4G24050
AT4G24060
AT4G24100
AT4G24240
AT4G24370
AT4G24390
AT4G24400
AT4G24470
AT4G24490
AT4G24590
AT4G24680
AT4G24740
AT4G24750
AT4G24760
AT4G24770
AT4G24940
AT4G25230
AT4G25260
AT4G25310
AT4G25315
AT4G25320
AT4G25360
AT4G25660
AT4G25690
AT4G25710
AT4G25720
AT4G25820
AT4G25840
AT4G26000
AT4G26060
AT4G26100
AT4G26130
AT4G26160
AT4G26220
AT4G26310
AT4G26400
AT4G26455
AT4G26510
AT4G26550
AT4G26610
AT4G26620
AT4G26640
AT4G26720
AT4G26750
AT4G26900
AT4G26910
AT4G27020
AT4G27040
AT4G27120
AT4G27180
AT4G27380
AT4G27410
AT4G27430
AT4G27435
AT4G27470
AT4G27490
AT4G27585
AT4G27654
AT4G27680
AT4G27690
AT4G27720
AT4G27740
AT4G27750
AT4G27830
AT4G27860
AT4G27870
AT4G27880
AT4G27950
AT4G28025
AT4G28050
AT4G28100
AT4G28180
AT4G28190
AT4G28220
AT4G28260
AT4G28310
AT4G28400
AT4G28440
AT4G28470
AT4G28480
AT4G28510
AT4G28650
AT4G28706
AT4G28760
AT4G28820
AT4G28860
AT4G28980
AT4G29010
AT4G29100
AT4G29120
AT4G29210
AT4G29490
AT4G29520
AT4G29660
AT4G29670
AT4G29680
AT4G29830
AT4G29900
AT4G29950
AT4G30140
AT4G30160
AT4G30200
AT4G30210
AT4G30270
AT4G30290
AT4G30310
AT4G30330
AT4G30410
AT4G30420
AT4G30480
AT4G30500
AT4G30580
AT4G30620
AT4G30662
AT4G30790
AT4G30810
AT4G30900
AT4G30980
AT4G30990
AT4G30996
AT4G31000
AT4G31040
AT4G31080
AT4G31100
AT4G31110
AT4G31310
AT4G31360
AT4G31410
AT4G31420
AT4G31430
AT4G31450
AT4G31470
AT4G31510
AT4G31530
AT4G31590
AT4G31600
AT4G31790
AT4G31860
AT4G31890
AT4G31910
AT4G31920
AT4G32070
AT4G32140
AT4G32260
AT4G32400
AT4G32420
AT4G32480
AT4G32520
AT4G32551
AT4G32570
AT4G32590
AT4G32620
AT4G32640
AT4G32650
AT4G32660
AT4G32680
AT4G32830
AT4G32850
AT4G32860
AT4G32870
AT4G32890
AT4G32915
AT4G32940
AT4G32960
AT4G33060
AT4G33100
AT4G33110
AT4G33130
AT4G33140
AT4G33240
AT4G33260
AT4G33400
AT4G33410
AT4G33430
AT4G33510
AT4G33520
AT4G33530
AT4G33540
AT4G33550
AT4G33565
AT4G33610
AT4G33625
AT4G33670
AT4G33690
AT4G33700
AT4G33890
AT4G33920
AT4G33940
AT4G33945
AT4G33980
AT4G34000
AT4G34030
AT4G34100
AT4G34120
AT4G34131
AT4G34138
AT4G34215
AT4G34230
AT4G34290
AT4G34360
AT4G34410
AT4G34430
AT4G34540
AT4G34570
AT4G34660
AT4G34860
AT4G34890
AT4G34910
AT4G34920
AT4G34960
AT4G35040
AT4G35050
AT4G35060
AT4G35220
AT4G35230
AT4G35300
AT4G35335
AT4G35360
AT4G35390
AT4G35410
AT4G35460
AT4G35470
AT4G35580
AT4G35600
AT4G35620
AT4G35770
AT4G35790
AT4G35860
AT4G35905
AT4G35930
AT4G35940
AT4G35950
AT4G36020
AT4G36180
AT4G36195
AT4G36210
AT4G36360
AT4G36380
AT4G36390
AT4G36400
AT4G36480
AT4G36640
AT4G36660
AT4G36670
AT4G36680
AT4G36790
AT4G36860
AT4G36890
AT4G36910
AT4G36920
AT4G36960
AT4G36980
AT4G36990
AT4G37020
AT4G37180
AT4G37210
AT4G37250
AT4G37260
AT4G37280
AT4G37330
AT4G37409
AT4G37440
AT4G37460
AT4G37470
AT4G37630
AT4G37640
AT4G37650
AT4G37660
AT4G37680
AT4G37740
AT4G37790
AT4G37880
AT4G38040
AT4G38090
AT4G38100
AT4G38230
AT4G38240
AT4G38250
AT4G38260
AT4G38270
AT4G38280
AT4G38350
AT4G38360
AT4G38370
AT4G38490
AT4G38545
AT4G38550
AT4G38552
AT4G38570
AT4G38580
AT4G38620
AT4G38640
AT4G38710
AT4G38890
AT4G39040
AT4G39150
AT4G39160
AT4G39170
AT4G39240
AT4G39270
AT4G39280
AT4G39350
AT4G39460
AT4G39540
AT4G39640
AT4G39690
AT4G39820
AT4G39880
AT4G39990
AT5G01030
AT5G01090
AT5G01230
AT5G01255
AT5G01340
AT5G01390
AT5G01430
AT5G01450
AT5G01470
AT5G01600
AT5G01610
AT5G01620
AT5G01650
AT5G01710
AT5G01810
AT5G01835
AT5G01890
AT5G01960
AT5G01980
AT5G01990
AT5G02010
AT5G02040
AT5G02100
AT5G02200
AT5G02280
AT5G02290
AT5G02410
AT5G02420
AT5G02580
AT5G02640
AT5G02810
AT5G02820
AT5G02840
AT5G02850
AT5G03050
AT5G03150
AT5G03170
AT5G03185
AT5G03200
AT5G03210
AT5G03220
AT5G03230
AT5G03280
AT5G03415
AT5G03430
AT5G03530
AT5G03540
AT5G03560
AT5G03570
AT5G03700
AT5G03730
AT5G03760
AT5G03905
AT5G04040
AT5G04090
AT5G04130
AT5G04160
AT5G04260
AT5G04280
AT5G04320
AT5G04340
AT5G04410
AT5G04420
AT5G04440
AT5G04510
AT5G04720
AT5G04760
AT5G04830
AT5G04850
AT5G04860
AT5G04870
AT5G04910
AT5G04930
AT5G04970
AT5G04990
AT5G05000
AT5G05060
AT5G05140
AT5G05250
AT5G05320
AT5G05440
AT5G05450
AT5G05460
AT5G05520
AT5G05540
AT5G05600
AT5G05620
AT5G05640
AT5G05660
AT5G05680
AT5G05690
AT5G05700
AT5G05730
AT5G05750
AT5G05800
AT5G05820
AT5G05900
AT5G05960
AT5G05965
AT5G05987
AT5G06060
AT5G06130
AT5G06160
AT5G06210
AT5G06240
AT5G06265
AT5G06280
AT5G06290
AT5G06310
AT5G06330
AT5G06340
AT5G06350
AT5G06450
AT5G06550
AT5G06560
AT5G06600
AT5G06640
AT5G06665
AT5G06700
AT5G06750
AT5G06800
AT5G06830
AT5G06910
AT5G06950
AT5G06970
AT5G07030
AT5G07290
AT5G07300
AT5G07340
AT5G07360
AT5G07370
AT5G07590
AT5G08020
AT5G08080
AT5G08170
AT5G08200
AT5G08260
AT5G08280
AT5G08340
AT5G08350
AT5G08380
AT5G08390
AT5G08535
AT5G08540
AT5G08560
AT5G08580
AT5G08630
AT5G08770
AT5G08780
AT5G09225
AT5G09250
AT5G09270
AT5G09290
AT5G09300
AT5G09390
AT5G09400
AT5G09410
AT5G09440
AT5G09450
AT5G09530
AT5G09590
AT5G09620
AT5G09680
AT5G09850
AT5G09860
AT5G09880
AT5G09920
AT5G09960
AT5G09995
AT5G10010
AT5G10020
AT5G10060
AT5G10070
AT5G10170
AT5G10240
AT5G10270
AT5G10300
AT5G10330
AT5G10460
AT5G10520
AT5G10560
AT5G10625
AT5G10730
AT5G10745
AT5G10750
AT5G10820
AT5G10920
AT5G10950
AT5G11010
AT5G11040
AT5G11150
AT5G11230
AT5G11240
AT5G11450
AT5G11480
AT5G11630
AT5G11690
AT5G11710
AT5G11730
AT5G11750
AT5G11800
AT5G11810
AT5G11850
AT5G11860
AT5G11890
AT5G11900
AT5G11910
AT5G11920
AT5G11950
AT5G11960
AT5G11975
AT5G11980
AT5G12040
AT5G12080
AT5G12110
AT5G12150
AT5G12190
AT5G12200
AT5G12290
AT5G12320
AT5G12330
AT5G12370
AT5G12390
AT5G12440
AT5G12850
AT5G12860
AT5G13000
AT5G13030
AT5G13050
AT5G13070
AT5G13090
AT5G13100
AT5G13110
AT5G13160
AT5G13240
AT5G13260
AT5G13300
AT5G13340
AT5G13370
AT5G13390
AT5G13460
AT5G13470
AT5G13490
AT5G13500
AT5G13570
AT5G13640
AT5G13810
AT5G13840
AT5G13890
AT5G13980
AT5G14020
AT5G14050
AT5G14060
AT5G14105
AT5G14150
AT5G14180
AT5G14210
AT5G14250
AT5G14270
AT5G14285
AT5G14320
AT5G14420
AT5G14530
AT5G14550
AT5G14590
AT5G14610
AT5G14680
AT5G14690
AT5G14710
AT5G14750
AT5G14790
AT5G14880
AT5G14930
AT5G15080
AT5G15120
AT5G15150
AT5G15190
AT5G15290
AT5G15440
AT5G15460
AT5G15470
AT5G15640
AT5G15880
AT5G16000
AT5G16120
AT5G16210
AT5G16260
AT5G16290
AT5G16300
AT5G16380
AT5G16440
AT5G16450
AT5G16480
AT5G16550
AT5G16560
AT5G16600
AT5G16620
AT5G16650
AT5G16710
AT5G16750
AT5G16760
AT5G16800
AT5G16910
AT5G17020
AT5G17060
AT5G17070
AT5G17160
AT5G17280
AT5G17440
AT5G17530
AT5G17550
AT5G17620
AT5G17640
AT5G17760
AT5G17840
AT5G17850
AT5G17910
AT5G17930
AT5G18120
AT5G18200
AT5G18230
AT5G18250
AT5G18400
AT5G18410
AT5G18420
AT5G18540
AT5G18620
AT5G18680
AT5G18690
AT5G18830
AT5G18860
AT5G18940
AT5G18970
AT5G19000
AT5G19010
AT5G19050
AT5G19130
AT5G19140
AT5G19150
AT5G19190
AT5G19240
AT5G19300
AT5G19320
AT5G19370
AT5G19390
AT5G19400
AT5G19430
AT5G19450
AT5G19480
AT5G19485
AT5G19570
AT5G19680
AT5G19740
AT5G19820
AT5G19900
AT5G19930
AT5G19980
AT5G20000
AT5G20050
AT5G20070
AT5G20120
AT5G20200
AT5G20350
AT5G20360
AT5G20490
AT5G20550
AT5G20590
AT5G20600
AT5G20660
AT5G20885
AT5G20990
AT5G21060
AT5G21070
AT5G21105
AT5G21990
AT5G22010
AT5G22050
AT5G22070
AT5G22100
AT5G22120
AT5G22210
AT5G22280
AT5G22300
AT5G22330
AT5G22350
AT5G22370
AT5G22450
AT5G22570
AT5G22640
AT5G22770
AT5G22780
AT5G22840
AT5G22850
AT5G22875
AT5G22890
AT5G22920
AT5G22940
AT5G22950
AT5G23050
AT5G23090
AT5G23210
AT5G23250
AT5G23300
AT5G23340
AT5G23400
AT5G23405
AT5G23420
AT5G23510
AT5G23520
AT5G23610
AT5G23630
AT5G23700
AT5G23890
AT5G24020
AT5G24030
AT5G24070
AT5G24170
AT5G24410
AT5G24450
AT5G24460
AT5G24500
AT5G24520
AT5G24590
AT5G24620
AT5G24650
AT5G24670
AT5G24710
AT5G24840
AT5G24980
AT5G25060
AT5G25070
AT5G25080
AT5G25150
AT5G25170
AT5G25210
AT5G25270
AT5G25350
AT5G25360
AT5G25475
AT5G25490
AT5G25510
AT5G25520
AT5G25560
AT5G25590
AT5G25780
AT5G25820
AT5G25830
AT5G25890
AT5G26030
AT5G26180
AT5G26210
AT5G26230
AT5G26290
AT5G26340
AT5G26600
AT5G26610
AT5G26622
AT5G26680
AT5G26690
AT5G26731
AT5G26740
AT5G26742
AT5G26860
AT5G26940
AT5G26990
AT5G27150
AT5G27280
AT5G27330
AT5G27395
AT5G27420
AT5G27490
AT5G27540
AT5G27600
AT5G27730
AT5G27820
AT5G27830
AT5G27840
AT5G27920
AT5G28080
AT5G28220
AT5G28630
AT5G28740
AT5G28770
AT5G28850
AT5G28900
AT5G30495
AT5G30510
AT5G32470
AT5G33290
AT5G33300
AT5G33355
AT5G35160
AT5G35320
AT5G35330
AT5G35430
AT5G35460
AT5G35560
AT5G35670
AT5G35690
AT5G35700
AT5G35740
AT5G35980
AT5G36160
AT5G36210
AT5G36710
AT5G36800
AT5G36890
AT5G37055
AT5G37070
AT5G37130
AT5G37310
AT5G37350
AT5G37370
AT5G37380
AT5G37480
AT5G37720
AT5G37790
AT5G37850
AT5G37930
AT5G38220
AT5G38380
AT5G38460
AT5G38560
AT5G38660
AT5G38690
AT5G38720
AT5G38840
AT5G38880
AT5G38890
AT5G39080
AT5G39410
AT5G39500
AT5G39580
AT5G39590
AT5G39730
AT5G39800
AT5G39990
AT5G40020
AT5G40080
AT5G40200
AT5G40230
AT5G40250
AT5G40280
AT5G40300
AT5G40510
AT5G40530
AT5G40590
AT5G40610
AT5G40630
AT5G40650
AT5G40830
AT5G40870
AT5G40890
AT5G40930
AT5G40950
AT5G40970
AT5G40980
AT5G41060
AT5G41080
AT5G41190
AT5G41260
AT5G41300
AT5G41340
AT5G41350
AT5G41400
AT5G41760
AT5G41770
AT5G41790
AT5G41810
AT5G41910
AT5G41940
AT5G42060
AT5G42110
AT5G42150
AT5G42200
AT5G42220
AT5G42250
AT5G42320
AT5G42380
AT5G42470
AT5G42520
AT5G42560
AT5G42650
AT5G42740
AT5G42765
AT5G42785
AT5G42825
AT5G42830
AT5G42860
AT5G42920
AT5G42940
AT5G42950
AT5G42970
AT5G43020
AT5G43100
AT5G43130
AT5G43260
AT5G43280
AT5G43310
AT5G43430
AT5G43560
AT5G43600
AT5G43620
AT5G43710
AT5G43720
AT5G43745
AT5G43760
AT5G43810
AT5G43850
AT5G43900
AT5G43960
AT5G44070
AT5G44090
AT5G44100
AT5G44160
AT5G44170
AT5G44180
AT5G44250
AT5G44290
AT5G44450
AT5G44480
AT5G44560
AT5G44720
AT5G44860
AT5G45000
AT5G45070
AT5G45100
AT5G45190
AT5G45210
AT5G45290
AT5G45360
AT5G45400
AT5G45480
AT5G45590
AT5G45600
AT5G45750
AT5G45920
AT5G46050
AT5G46070
AT5G46150
AT5G46180
AT5G46230
AT5G46280
AT5G46340
AT5G46410
AT5G46420
AT5G46760
AT5G46790
AT5G46800
AT5G46860
AT5G47010
AT5G47020
AT5G47060
AT5G47090
AT5G47190
AT5G47420
AT5G47455
AT5G47480
AT5G47500
AT5G47520
AT5G47560
AT5G47620
AT5G47630
AT5G47710
AT5G47720
AT5G47730
AT5G47760
AT5G47810
AT5G47820
AT5G47840
AT5G47870
AT5G47880
AT5G48020
AT5G48030
AT5G48150
AT5G48175
AT5G48180
AT5G48240
AT5G48290
AT5G48300
AT5G48360
AT5G48380
AT5G48430
AT5G48540
AT5G48545
AT5G48560
AT5G48600
AT5G48610
AT5G48640
AT5G48680
AT5G48720
AT5G48900
AT5G48920
AT5G49020
AT5G49230
AT5G49360
AT5G49530
AT5G49550
AT5G49555
AT5G49560
AT5G49640
AT5G49645
AT5G49650
AT5G49665
AT5G49710
AT5G49760
AT5G49820
AT5G49830
AT5G49910
AT5G49980
AT5G50010
AT5G50020
AT5G50090
AT5G50175
AT5G50300
AT5G50310
AT5G50320
AT5G50370
AT5G50410
AT5G50430
AT5G50565
AT5G50580
AT5G50665
AT5G50760
AT5G50960
AT5G51140
AT5G51180
AT5G51220
AT5G51280
AT5G51300
AT5G51340
AT5G51390
AT5G51410
AT5G51430
AT5G51550
AT5G51560
AT5G51590
AT5G51620
AT5G51690
AT5G51780
AT5G51840
AT5G51890
AT5G51980
AT5G52070
AT5G52170
AT5G52180
AT5G52210
AT5G52280
AT5G52380
AT5G52430
AT5G52440
AT5G52530
AT5G52540
AT5G52550
AT5G52710
AT5G52750
AT5G52810
AT5G52830
AT5G52882
AT5G52980
AT5G53090
AT5G53120
AT5G53170
AT5G53180
AT5G53330
AT5G53350
AT5G53420
AT5G53530
AT5G53540
AT5G53550
AT5G53620
AT5G53760
AT5G53770
AT5G53850
AT5G53860
AT5G53940
AT5G53980
AT5G54080
AT5G54110
AT5G54380
AT5G54390
AT5G54440
AT5G54670
AT5G54800
AT5G54840
AT5G54855
AT5G54860
AT5G55040
AT5G55100
AT5G55110
AT5G55120
AT5G55130
AT5G55210
AT5G55230
AT5G55260
AT5G55310
AT5G55480
AT5G55500
AT5G55510
AT5G55550
AT5G55630
AT5G55700
AT5G55730
AT5G55790
AT5G55920
AT5G55990
AT5G56000
AT5G56020
AT5G56120
AT5G56140
AT5G56150
AT5G56190
AT5G56220
AT5G56240
AT5G56260
AT5G56280
AT5G56320
AT5G56340
AT5G56500
AT5G56630
AT5G56650
AT5G56660
AT5G56740
AT5G56750
AT5G56795
AT5G56890
AT5G57015
AT5G57040
AT5G57060
AT5G57100
AT5G57110
AT5G57230
AT5G57270
AT5G57280
AT5G57300
AT5G57370
AT5G57410
AT5G57460
AT5G57510
AT5G57580
AT5G57620
AT5G57630
AT5G57685
AT5G57700
AT5G57785
AT5G57815
AT5G57850
AT5G57910
AT5G57950
AT5G58000
AT5G58010
AT5G58020
AT5G58100
AT5G58130
AT5G58200
AT5G58250
AT5G58300
AT5G58350
AT5G58370
AT5G58430
AT5G58440
AT5G58470
AT5G58490
AT5G58560
AT5G58575
AT5G58730
AT5G58750
AT5G58800
AT5G58860
AT5G58920
AT5G58930
AT5G59010
AT5G59030
AT5G59080
AT5G59150
AT5G59210
AT5G59380
AT5G59410
AT5G59430
AT5G59450
AT5G59510
AT5G59530
AT5G59560
AT5G59730
AT5G59732
AT5G59790
AT5G59840
AT5G59960
AT5G60020
AT5G60170
AT5G60210
AT5G60300
AT5G60410
AT5G60520
AT5G60540
AT5G60550
AT5G60570
AT5G60580
AT5G60690
AT5G60750
AT5G60850
AT5G60890
AT5G60940
AT5G60960
AT5G60990
AT5G61030
AT5G61060
AT5G61150
AT5G61220
AT5G61330
AT5G61340
AT5G61380
AT5G61410
AT5G61450
AT5G61500
AT5G61510
AT5G61530
AT5G61670
AT5G61770
AT5G61840
AT5G61880
AT5G61960
AT5G62000
AT5G62050
AT5G62165
AT5G62180
AT5G62260
AT5G62330
AT5G62350
AT5G62460
AT5G62480
AT5G62550
AT5G62560
AT5G62580
AT5G62610
AT5G62640
AT5G62680
AT5G62720
AT5G62740
AT5G62810
AT5G62865
AT5G62950
AT5G63000
AT5G63010
AT5G63050
AT5G63110
AT5G63130
AT5G63135
AT5G63140
AT5G63195
AT5G63220
AT5G63260
AT5G63280
AT5G63310
AT5G63320
AT5G63470
AT5G63480
AT5G63500
AT5G63550
AT5G63570
AT5G63610
AT5G63640
AT5G63680
AT5G63760
AT5G63780
AT5G63840
AT5G63870
AT5G63880
AT5G63890
AT5G63905
AT5G63910
AT5G63930
AT5G63940
AT5G63980
AT5G64020
AT5G64070
AT5G64090
AT5G64120
AT5G64180
AT5G64240
AT5G64270
AT5G64290
AT5G64300
AT5G64340
AT5G64420
AT5G64430
AT5G64440
AT5G64460
AT5G64570
AT5G64610
AT5G64650
AT5G64660
AT5G64670
AT5G64730
AT5G64760
AT5G64813
AT5G64880
AT5G64920
AT5G64970
AT5G65010
AT5G65180
AT5G65260
AT5G65270
AT5G65300
AT5G65380
AT5G65495
AT5G65520
AT5G65530
AT5G65620
AT5G65640
AT5G65650
AT5G65683
AT5G65720
AT5G65750
AT5G65760
AT5G65770
AT5G65780
AT5G65830
AT5G65860
AT5G65880
AT5G65910
AT5G65920
AT5G65940
AT5G65970
AT5G66050
AT5G66060
AT5G66080
AT5G66090
AT5G66100
AT5G66160
AT5G66200
AT5G66230
AT5G66250
AT5G66310
AT5G66320
AT5G66380
AT5G66410
AT5G66530
AT5G66590
AT5G66600
AT5G66650
AT5G66675
AT5G66730
AT5G66770
AT5G66850
AT5G66880
AT5G66930
AT5G67070
AT5G67130
AT5G67240
AT5G67250
AT5G67270
AT5G67330
AT5G67390
AT5G67400
AT5G67530
AT5G67540
AT5G67630
ATCG00040
ATCG00180
ATCG00340
ATCG00480
ATCG00500
ATCG00740
ATCG00800
ATCG00860
ATCG01280
ATMG00080
ATMG00513
ATMG00660
ATMG01080
